-0.594 -0.273  1.052  0.001
-0.572 -0.273  1.048  0.008
-0.550 -0.273  1.043  0.010
-0.528 -0.273  1.038  0.012
-0.506 -0.273  1.033  0.009
-0.484 -0.273  1.028  0.009
-0.462 -0.273  1.023  0.012
-0.440 -0.273  1.018  0.011
-0.419 -0.273  1.013  0.014
-0.397 -0.273  1.008  0.010
-0.375 -0.273  1.003  0.003
-0.353 -0.273  0.998  0.001
-0.331 -0.273  0.993  0.013
-0.309 -0.273  0.988  0.041
-0.287 -0.273  0.983  0.050
-0.265 -0.273  0.978  0.048
-0.243 -0.273  0.974  0.043
-0.221 -0.273  0.969  0.057
-0.199 -0.273  0.964  0.066
-0.177 -0.273  0.959  0.077
-0.155 -0.273  0.954  0.085
-0.133 -0.273  0.949  0.061
-0.111 -0.273  0.944  0.037
-0.089 -0.273  0.939  0.024
-0.067 -0.273  0.934  0.018
-0.045 -0.273  0.929  0.015
-0.023 -0.273  0.924  0.016
-0.001 -0.273  0.919  0.014
 0.021 -0.273  0.914  0.010
 0.043 -0.273  0.909  0.004
 0.065 -0.273  0.905  0.004
 0.087 -0.273  0.900  0.008
-0.594 -0.251  1.052  0.002
-0.572 -0.251  1.048  0.007
-0.550 -0.251  1.043  0.011
-0.528 -0.251  1.038  0.010
-0.506 -0.251  1.033  0.009
-0.484 -0.251  1.028  0.009
-0.462 -0.251  1.023  0.015
-0.440 -0.251  1.018  0.015
-0.419 -0.251  1.013  0.015
-0.397 -0.251  1.008  0.013
-0.375 -0.251  1.003  0.009
-0.353 -0.251  0.998  0.001
-0.331 -0.251  0.993  0.024
-0.309 -0.251  0.988  0.041
-0.287 -0.251  0.983  0.056
-0.265 -0.251  0.978  0.051
-0.243 -0.251  0.974  0.063
-0.221 -0.251  0.969  0.064
-0.199 -0.251  0.964  0.077
-0.177 -0.251  0.959  0.101
-0.155 -0.251  0.954  0.111
-0.133 -0.251  0.949  0.073
-0.111 -0.251  0.944  0.039
-0.089 -0.251  0.939  0.030
-0.067 -0.251  0.934  0.026
-0.045 -0.251  0.929  0.024
-0.023 -0.251  0.924  0.023
-0.001 -0.251  0.919  0.017
 0.021 -0.251  0.914  0.007
 0.043 -0.251  0.909  0.004
 0.065 -0.251  0.905 -0.000
 0.087 -0.251  0.900  0.004
-0.594 -0.228  1.052 -0.001
-0.572 -0.228  1.048  0.011
-0.550 -0.228  1.043  0.015
-0.528 -0.228  1.038  0.009
-0.506 -0.228  1.033  0.010
-0.484 -0.228  1.028  0.008
-0.462 -0.228  1.023  0.014
-0.440 -0.228  1.018  0.018
-0.419 -0.228  1.013  0.019
-0.397 -0.228  1.008  0.013
-0.375 -0.228  1.003  0.008
-0.353 -0.228  0.998  0.008
-0.331 -0.228  0.993  0.038
-0.309 -0.228  0.988  0.050
-0.287 -0.228  0.983  0.059
-0.265 -0.228  0.978  0.059
-0.243 -0.228  0.974  0.071
-0.221 -0.228  0.969  0.086
-0.199 -0.228  0.964  0.092
-0.177 -0.228  0.959  0.127
-0.155 -0.228  0.954  0.117
-0.133 -0.228  0.949  0.080
-0.111 -0.228  0.944  0.047
-0.089 -0.228  0.939  0.036
-0.067 -0.228  0.934  0.035
-0.045 -0.228  0.929  0.037
-0.023 -0.228  0.924  0.026
-0.001 -0.228  0.919  0.017
 0.021 -0.228  0.914  0.005
 0.043 -0.228  0.909  0.003
 0.065 -0.228  0.905 -0.002
 0.087 -0.228  0.900 -0.003
-0.594 -0.206  1.052  0.006
-0.572 -0.206  1.048  0.012
-0.550 -0.206  1.043  0.010
-0.528 -0.206  1.038  0.012
-0.506 -0.206  1.033  0.006
-0.484 -0.206  1.028  0.007
-0.462 -0.206  1.023  0.013
-0.440 -0.206  1.018  0.019
-0.419 -0.206  1.013  0.020
-0.397 -0.206  1.008  0.015
-0.375 -0.206  1.003  0.015
-0.353 -0.206  0.998  0.004
-0.331 -0.206  0.993  0.025
-0.309 -0.206  0.988  0.017
-0.287 -0.206  0.983  0.035
-0.265 -0.206  0.978  0.048
-0.243 -0.206  0.974  0.076
-0.221 -0.206  0.969  0.097
-0.199 -0.206  0.964  0.099
-0.177 -0.206  0.959  0.129
-0.155 -0.206  0.954  0.107
-0.133 -0.206  0.949  0.071
-0.111 -0.206  0.944  0.056
-0.089 -0.206  0.939  0.040
-0.067 -0.206  0.934  0.047
-0.045 -0.206  0.929  0.045
-0.023 -0.206  0.924  0.029
-0.001 -0.206  0.919  0.025
 0.021 -0.206  0.914  0.015
 0.043 -0.206  0.909 -0.004
 0.065 -0.206  0.905 -0.005
 0.087 -0.206  0.900 -0.001
-0.594 -0.183  1.052  0.008
-0.572 -0.183  1.048  0.015
-0.550 -0.183  1.043  0.011
-0.528 -0.183  1.038  0.012
-0.506 -0.183  1.033  0.007
-0.484 -0.183  1.028  0.009
-0.462 -0.183  1.023  0.017
-0.440 -0.183  1.018  0.023
-0.419 -0.183  1.013  0.022
-0.397 -0.183  1.008  0.018
-0.375 -0.183  1.003  0.018
-0.353 -0.183  0.998  0.009
-0.331 -0.183  0.993  0.025
-0.309 -0.183  0.988  0.008
-0.287 -0.183  0.983  0.007
-0.265 -0.183  0.978  0.020
-0.243 -0.183  0.974  0.059
-0.221 -0.183  0.969  0.093
-0.199 -0.183  0.964  0.095
-0.177 -0.183  0.959  0.089
-0.155 -0.183  0.954  0.084
-0.133 -0.183  0.949  0.075
-0.111 -0.183  0.944  0.064
-0.089 -0.183  0.939  0.054
-0.067 -0.183  0.934  0.058
-0.045 -0.183  0.929  0.056
-0.023 -0.183  0.924  0.034
-0.001 -0.183  0.919  0.028
 0.021 -0.183  0.914  0.017
 0.043 -0.183  0.909 -0.000
 0.065 -0.183  0.905 -0.009
 0.087 -0.183  0.900 -0.003
-0.594 -0.161  1.052  0.012
-0.572 -0.161  1.048  0.016
-0.550 -0.161  1.043  0.011
-0.528 -0.161  1.038  0.013
-0.506 -0.161  1.033  0.006
-0.484 -0.161  1.028  0.010
-0.462 -0.161  1.023  0.024
-0.440 -0.161  1.018  0.029
-0.419 -0.161  1.013  0.027
-0.397 -0.161  1.008  0.026
-0.375 -0.161  1.003  0.023
-0.353 -0.161  0.998  0.018
-0.331 -0.161  0.993  0.025
-0.309 -0.161  0.988  0.006
-0.287 -0.161  0.983  0.002
-0.265 -0.161  0.978  0.003
-0.243 -0.161  0.974  0.048
-0.221 -0.161  0.969  0.079
-0.199 -0.161  0.964  0.087
-0.177 -0.161  0.959  0.053
-0.155 -0.161  0.954  0.062
-0.133 -0.161  0.949  0.073
-0.111 -0.161  0.944  0.075
-0.089 -0.161  0.939  0.072
-0.067 -0.161  0.934  0.064
-0.045 -0.161  0.929  0.060
-0.023 -0.161  0.924  0.047
-0.001 -0.161  0.919  0.031
 0.021 -0.161  0.914  0.021
 0.043 -0.161  0.909  0.001
 0.065 -0.161  0.905 -0.007
 0.087 -0.161  0.900 -0.004
-0.594 -0.138  1.052  0.013
-0.572 -0.138  1.048  0.016
-0.550 -0.138  1.043  0.011
-0.528 -0.138  1.038  0.010
-0.506 -0.138  1.033  0.013
-0.484 -0.138  1.028  0.017
-0.462 -0.138  1.023  0.028
-0.440 -0.138  1.018  0.032
-0.419 -0.138  1.013  0.029
-0.397 -0.138  1.008  0.032
-0.375 -0.138  1.003  0.025
-0.353 -0.138  0.998  0.023
-0.331 -0.138  0.993  0.020
-0.309 -0.138  0.988  0.004
-0.287 -0.138  0.983 -0.012
-0.265 -0.138  0.978 -0.012
-0.243 -0.138  0.974  0.025
-0.221 -0.138  0.969  0.068
-0.199 -0.138  0.964  0.082
-0.177 -0.138  0.959  0.039
-0.155 -0.138  0.954  0.035
-0.133 -0.138  0.949  0.068
-0.111 -0.138  0.944  0.079
-0.089 -0.138  0.939  0.082
-0.067 -0.138  0.934  0.072
-0.045 -0.138  0.929  0.066
-0.023 -0.138  0.924  0.053
-0.001 -0.138  0.919  0.044
 0.021 -0.138  0.914  0.022
 0.043 -0.138  0.909 -0.001
 0.065 -0.138  0.905 -0.005
 0.087 -0.138  0.900 -0.004
-0.594 -0.116  1.052  0.014
-0.572 -0.116  1.048  0.016
-0.550 -0.116  1.043  0.014
-0.528 -0.116  1.038  0.012
-0.506 -0.116  1.033  0.016
-0.484 -0.116  1.028  0.022
-0.462 -0.116  1.023  0.030
-0.440 -0.116  1.018  0.036
-0.419 -0.116  1.013  0.037
-0.397 -0.116  1.008  0.038
-0.375 -0.116  1.003  0.029
-0.353 -0.116  0.998  0.024
-0.331 -0.116  0.993  0.019
-0.309 -0.116  0.988  0.001
-0.287 -0.116  0.983 -0.013
-0.265 -0.116  0.978 -0.015
-0.243 -0.116  0.974  0.024
-0.221 -0.116  0.969  0.049
-0.199 -0.116  0.964  0.065
-0.177 -0.116  0.959  0.021
-0.155 -0.116  0.954  0.043
-0.133 -0.116  0.949  0.059
-0.111 -0.116  0.944  0.086
-0.089 -0.116  0.939  0.073
-0.067 -0.116  0.934  0.070
-0.045 -0.116  0.929  0.074
-0.023 -0.116  0.924  0.061
-0.001 -0.116  0.919  0.041
 0.021 -0.116  0.914  0.021
 0.043 -0.116  0.909  0.002
 0.065 -0.116  0.905 -0.008
 0.087 -0.116  0.900 -0.006
-0.594 -0.093  1.052  0.015
-0.572 -0.093  1.048  0.016
-0.550 -0.093  1.043  0.018
-0.528 -0.093  1.038  0.019
-0.506 -0.093  1.033  0.020
-0.484 -0.093  1.028  0.025
-0.462 -0.093  1.023  0.032
-0.440 -0.093  1.018  0.033
-0.419 -0.093  1.013  0.043
-0.397 -0.093  1.008  0.041
-0.375 -0.093  1.003  0.038
-0.353 -0.093  0.998  0.029
-0.331 -0.093  0.993  0.016
-0.309 -0.093  0.988  0.001
-0.287 -0.093  0.983 -0.004
-0.265 -0.093  0.978 -0.016
-0.243 -0.093  0.974  0.029
-0.221 -0.093  0.969  0.047
-0.199 -0.093  0.964  0.049
-0.177 -0.093  0.959  0.030
-0.155 -0.093  0.954  0.029
-0.133 -0.093  0.949  0.046
-0.111 -0.093  0.944  0.080
-0.089 -0.093  0.939  0.086
-0.067 -0.093  0.934  0.074
-0.045 -0.093  0.929  0.076
-0.023 -0.093  0.924  0.067
-0.001 -0.093  0.919  0.044
 0.021 -0.093  0.914  0.019
 0.043 -0.093  0.909  0.002
 0.065 -0.093  0.905  0.002
 0.087 -0.093  0.900  0.008
-0.594 -0.071  1.052  0.015
-0.572 -0.071  1.048  0.020
-0.550 -0.071  1.043  0.022
-0.528 -0.071  1.038  0.027
-0.506 -0.071  1.033  0.025
-0.484 -0.071  1.028  0.028
-0.462 -0.071  1.023  0.030
-0.440 -0.071  1.018  0.035
-0.419 -0.071  1.013  0.047
-0.397 -0.071  1.008  0.046
-0.375 -0.071  1.003  0.044
-0.353 -0.071  0.998  0.035
-0.331 -0.071  0.993  0.014
-0.309 -0.071  0.988 -0.006
-0.287 -0.071  0.983 -0.004
-0.265 -0.071  0.978 -0.012
-0.243 -0.071  0.974  0.015
-0.221 -0.071  0.969  0.043
-0.199 -0.071  0.964  0.046
-0.177 -0.071  0.959  0.041
-0.155 -0.071  0.954  0.040
-0.133 -0.071  0.949  0.051
-0.111 -0.071  0.944  0.078
-0.089 -0.071  0.939  0.113
-0.067 -0.071  0.934  0.107
-0.045 -0.071  0.929  0.101
-0.023 -0.071  0.924  0.090
-0.001 -0.071  0.919  0.060
 0.021 -0.071  0.914  0.039
 0.043 -0.071  0.909  0.016
 0.065 -0.071  0.905  0.022
 0.087 -0.071  0.900  0.025
-0.594 -0.048  1.052  0.018
-0.572 -0.048  1.048  0.020
-0.550 -0.048  1.043  0.028
-0.528 -0.048  1.038  0.034
-0.506 -0.048  1.033  0.032
-0.484 -0.048  1.028  0.041
-0.462 -0.048  1.023  0.052
-0.440 -0.048  1.018  0.053
-0.419 -0.048  1.013  0.043
-0.397 -0.048  1.008  0.035
-0.375 -0.048  1.003  0.038
-0.353 -0.048  0.998  0.027
-0.331 -0.048  0.993  0.030
-0.309 -0.048  0.988 -0.007
-0.287 -0.048  0.983 -0.010
-0.265 -0.048  0.978  0.001
-0.243 -0.048  0.974  0.013
-0.221 -0.048  0.969  0.028
-0.199 -0.048  0.964  0.046
-0.177 -0.048  0.959  0.074
-0.155 -0.048  0.954  0.036
-0.133 -0.048  0.949  0.051
-0.111 -0.048  0.944  0.092
-0.089 -0.048  0.939  0.138
-0.067 -0.048  0.934  0.149
-0.045 -0.048  0.929  0.152
-0.023 -0.048  0.924  0.143
-0.001 -0.048  0.919  0.107
 0.021 -0.048  0.914  0.067
 0.043 -0.048  0.909  0.037
 0.065 -0.048  0.905  0.034
 0.087 -0.048  0.900  0.039
-0.594 -0.026  1.052  0.019
-0.572 -0.026  1.048  0.023
-0.550 -0.026  1.043  0.034
-0.528 -0.026  1.038  0.038
-0.506 -0.026  1.033  0.046
-0.484 -0.026  1.028  0.066
-0.462 -0.026  1.023  0.089
-0.440 -0.026  1.018  0.088
-0.419 -0.026  1.013  0.069
-0.397 -0.026  1.008  0.035
-0.375 -0.026  1.003  0.031
-0.353 -0.026  0.998  0.027
-0.331 -0.026  0.993  0.026
-0.309 -0.026  0.988 -0.002
-0.287 -0.026  0.983 -0.008
-0.265 -0.026  0.978  0.000
-0.243 -0.026  0.974  0.018
-0.221 -0.026  0.969  0.034
-0.199 -0.026  0.964  0.048
-0.177 -0.026  0.959  0.088
-0.155 -0.026  0.954  0.064
-0.133 -0.026  0.949  0.064
-0.111 -0.026  0.944  0.128
-0.089 -0.026  0.939  0.197
-0.067 -0.026  0.934  0.237
-0.045 -0.026  0.929  0.274
-0.023 -0.026  0.924  0.239
-0.001 -0.026  0.919  0.190
 0.021 -0.026  0.914  0.107
 0.043 -0.026  0.909  0.070
 0.065 -0.026  0.905  0.050
 0.087 -0.026  0.900  0.053
-0.594 -0.003  1.052  0.017
-0.572 -0.003  1.048  0.022
-0.550 -0.003  1.043  0.038
-0.528 -0.003  1.038  0.046
-0.506 -0.003  1.033  0.080
-0.484 -0.003  1.028  0.115
-0.462 -0.003  1.023  0.138
-0.440 -0.003  1.018  0.135
-0.419 -0.003  1.013  0.116
-0.397 -0.003  1.008  0.063
-0.375 -0.003  1.003  0.040
-0.353 -0.003  0.998  0.029
-0.331 -0.003  0.993  0.025
-0.309 -0.003  0.988  0.005
-0.287 -0.003  0.983 -0.007
-0.265 -0.003  0.978  0.007
-0.243 -0.003  0.974  0.027
-0.221 -0.003  0.969  0.042
-0.199 -0.003  0.964  0.050
-0.177 -0.003  0.959  0.074
-0.155 -0.003  0.954  0.092
-0.133 -0.003  0.949  0.094
-0.111 -0.003  0.944  0.148
-0.089 -0.003  0.939  0.290
-0.067 -0.003  0.934  0.398
-0.045 -0.003  0.929  0.483
-0.023 -0.003  0.924  0.411
-0.001 -0.003  0.919  0.308
 0.021 -0.003  0.914  0.187
 0.043 -0.003  0.909  0.108
 0.065 -0.003  0.905  0.069
 0.087 -0.003  0.900  0.064
-0.594  0.019  1.052  0.028
-0.572  0.019  1.048  0.035
-0.550  0.019  1.043  0.038
-0.528  0.019  1.038  0.066
-0.506  0.019  1.033  0.119
-0.484  0.019  1.028  0.163
-0.462  0.019  1.023  0.197
-0.440  0.019  1.018  0.207
-0.419  0.019  1.013  0.160
-0.397  0.019  1.008  0.107
-0.375  0.019  1.003  0.068
-0.353  0.019  0.998  0.042
-0.331  0.019  0.993  0.019
-0.309  0.019  0.988  0.008
-0.287  0.019  0.983 -0.002
-0.265  0.019  0.978  0.010
-0.243  0.019  0.974  0.030
-0.221  0.019  0.969  0.049
-0.199  0.019  0.964  0.059
-0.177  0.019  0.959  0.076
-0.155  0.019  0.954  0.107
-0.133  0.019  0.949  0.186
-0.111  0.019  0.944  0.296
-0.089  0.019  0.939  0.425
-0.067  0.019  0.934  0.607
-0.045  0.019  0.929  0.735
-0.023  0.019  0.924  0.628
-0.001  0.019  0.919  0.458
 0.021  0.019  0.914  0.285
 0.043  0.019  0.909  0.140
 0.065  0.019  0.905  0.087
 0.087  0.019  0.900  0.078
-0.594  0.042  1.052  0.031
-0.572  0.042  1.048  0.036
-0.550  0.042  1.043  0.049
-0.528  0.042  1.038  0.106
-0.506  0.042  1.033  0.167
-0.484  0.042  1.028  0.230
-0.462  0.042  1.023  0.274
-0.440  0.042  1.018  0.296
-0.419  0.042  1.013  0.232
-0.397  0.042  1.008  0.165
-0.375  0.042  1.003  0.101
-0.353  0.042  0.998  0.065
-0.331  0.042  0.993  0.033
-0.309  0.042  0.988  0.008
-0.287  0.042  0.983 -0.002
-0.265  0.042  0.978  0.015
-0.243  0.042  0.974  0.038
-0.221  0.042  0.969  0.055
-0.199  0.042  0.964  0.055
-0.177  0.042  0.959  0.059
-0.155  0.042  0.954  0.119
-0.133  0.042  0.949  0.297
-0.111  0.042  0.944  0.475
-0.089  0.042  0.939  0.636
-0.067  0.042  0.934  0.845
-0.045  0.042  0.929  0.959
-0.023  0.042  0.924  0.761
-0.001  0.042  0.919  0.543
 0.021  0.042  0.914  0.314
 0.043  0.042  0.909  0.147
 0.065  0.042  0.905  0.080
 0.087  0.042  0.900  0.079
-0.594  0.064  1.052  0.031
-0.572  0.064  1.048  0.044
-0.550  0.064  1.043  0.075
-0.528  0.064  1.038  0.156
-0.506  0.064  1.033  0.248
-0.484  0.064  1.028  0.378
-0.462  0.064  1.023  0.435
-0.440  0.064  1.018  0.435
-0.419  0.064  1.013  0.362
-0.397  0.064  1.008  0.241
-0.375  0.064  1.003  0.148
-0.353  0.064  0.998  0.100
-0.331  0.064  0.993  0.056
-0.309  0.064  0.988  0.007
-0.287  0.064  0.983  0.009
-0.265  0.064  0.978  0.017
-0.243  0.064  0.974  0.039
-0.221  0.064  0.969  0.053
-0.199  0.064  0.964  0.057
-0.177  0.064  0.959  0.059
-0.155  0.064  0.954  0.104
-0.133  0.064  0.949  0.293
-0.111  0.064  0.944  0.580
-0.089  0.064  0.939  0.811
-0.067  0.064  0.934  0.977
-0.045  0.064  0.929  1.045
-0.023  0.064  0.924  0.841
-0.001  0.064  0.919  0.551
 0.021  0.064  0.914  0.270
 0.043  0.064  0.909  0.102
 0.065  0.064  0.905  0.083
 0.087  0.064  0.900  0.069
-0.594  0.087  1.052  0.034
-0.572  0.087  1.048  0.049
-0.550  0.087  1.043  0.103
-0.528  0.087  1.038  0.199
-0.506  0.087  1.033  0.359
-0.484  0.087  1.028  0.518
-0.462  0.087  1.023  0.562
-0.440  0.087  1.018  0.568
-0.419  0.087  1.013  0.524
-0.397  0.087  1.008  0.351
-0.375  0.087  1.003  0.195
-0.353  0.087  0.998  0.137
-0.331  0.087  0.993  0.088
-0.309  0.087  0.988  0.029
-0.287  0.087  0.983  0.021
-0.265  0.087  0.978  0.018
-0.243  0.087  0.974  0.033
-0.221  0.087  0.969  0.048
-0.199  0.087  0.964  0.048
-0.177  0.087  0.959  0.067
-0.155  0.087  0.954  0.088
-0.133  0.087  0.949  0.178
-0.111  0.087  0.944  0.464
-0.089  0.087  0.939  0.760
-0.067  0.087  0.934  0.981
-0.045  0.087  0.929  1.014
-0.023  0.087  0.924  0.822
-0.001  0.087  0.919  0.489
 0.021  0.087  0.914  0.173
 0.043  0.087  0.909  0.076
 0.065  0.087  0.905  0.073
 0.087  0.087  0.900  0.064
-0.594  0.109  1.052  0.036
-0.572  0.109  1.048  0.053
-0.550  0.109  1.043  0.115
-0.528  0.109  1.038  0.245
-0.506  0.109  1.033  0.422
-0.484  0.109  1.028  0.590
-0.462  0.109  1.023  0.656
-0.440  0.109  1.018  0.648
-0.419  0.109  1.013  0.613
-0.397  0.109  1.008  0.432
-0.375  0.109  1.003  0.280
-0.353  0.109  0.998  0.171
-0.331  0.109  0.993  0.111
-0.309  0.109  0.988  0.053
-0.287  0.109  0.983  0.019
-0.265  0.109  0.978  0.023
-0.243  0.109  0.974  0.028
-0.221  0.109  0.969  0.030
-0.199  0.109  0.964  0.041
-0.177  0.109  0.959  0.069
-0.155  0.109  0.954  0.078
-0.133  0.109  0.949  0.122
-0.111  0.109  0.944  0.256
-0.089  0.109  0.939  0.491
-0.067  0.109  0.934  0.751
-0.045  0.109  0.929  0.823
-0.023  0.109  0.924  0.650
-0.001  0.109  0.919  0.364
 0.021  0.109  0.914  0.112
 0.043  0.109  0.909  0.055
 0.065  0.109  0.905  0.049
 0.087  0.109  0.900  0.049
-0.594  0.132  1.052  0.032
-0.572  0.132  1.048  0.045
-0.550  0.132  1.043  0.110
-0.528  0.132  1.038  0.231
-0.506  0.132  1.033  0.430
-0.484  0.132  1.028  0.561
-0.462  0.132  1.023  0.649
-0.440  0.132  1.018  0.643
-0.419  0.132  1.013  0.567
-0.397  0.132  1.008  0.443
-0.375  0.132  1.003  0.343
-0.353  0.132  0.998  0.200
-0.331  0.132  0.993  0.120
-0.309  0.132  0.988  0.066
-0.287  0.132  0.983  0.021
-0.265  0.132  0.978  0.026
-0.243  0.132  0.974  0.026
-0.221  0.132  0.969  0.025
-0.199  0.132  0.964  0.044
-0.177  0.132  0.959  0.063
-0.155  0.132  0.954  0.064
-0.133  0.132  0.949  0.082
-0.111  0.132  0.944  0.137
-0.089  0.132  0.939  0.254
-0.067  0.132  0.934  0.393
-0.045  0.132  0.929  0.467
-0.023  0.132  0.924  0.385
-0.001  0.132  0.919  0.209
 0.021  0.132  0.914  0.083
 0.043  0.132  0.909  0.037
 0.065  0.132  0.905  0.041
 0.087  0.132  0.900  0.040
-0.594  0.154  1.052  0.029
-0.572  0.154  1.048  0.046
-0.550  0.154  1.043  0.091
-0.528  0.154  1.038  0.183
-0.506  0.154  1.033  0.301
-0.484  0.154  1.028  0.422
-0.462  0.154  1.023  0.549
-0.440  0.154  1.018  0.519
-0.419  0.154  1.013  0.437
-0.397  0.154  1.008  0.387
-0.375  0.154  1.003  0.298
-0.353  0.154  0.998  0.187
-0.331  0.154  0.993  0.110
-0.309  0.154  0.988  0.083
-0.287  0.154  0.983  0.032
-0.265  0.154  0.978  0.031
-0.243  0.154  0.974  0.021
-0.221  0.154  0.969  0.019
-0.199  0.154  0.964  0.030
-0.177  0.154  0.959  0.049
-0.155  0.154  0.954  0.048
-0.133  0.154  0.949  0.053
-0.111  0.154  0.944  0.089
-0.089  0.154  0.939  0.119
-0.067  0.154  0.934  0.171
-0.045  0.154  0.929  0.179
-0.023  0.154  0.924  0.147
-0.001  0.154  0.919  0.089
 0.021  0.154  0.914  0.060
 0.043  0.154  0.909  0.022
 0.065  0.154  0.905  0.029
 0.087  0.154  0.900  0.036
-0.594  0.177  1.052  0.024
-0.572  0.177  1.048  0.039
-0.550  0.177  1.043  0.050
-0.528  0.177  1.038  0.123
-0.506  0.177  1.033  0.174
-0.484  0.177  1.028  0.251
-0.462  0.177  1.023  0.376
-0.440  0.177  1.018  0.379
-0.419  0.177  1.013  0.323
-0.397  0.177  1.008  0.256
-0.375  0.177  1.003  0.179
-0.353  0.177  0.998  0.117
-0.331  0.177  0.993  0.085
-0.309  0.177  0.988  0.082
-0.287  0.177  0.983  0.048
-0.265  0.177  0.978  0.030
-0.243  0.177  0.974  0.027
-0.221  0.177  0.969  0.011
-0.199  0.177  0.964  0.042
-0.177  0.177  0.959  0.038
-0.155  0.177  0.954  0.043
-0.133  0.177  0.949  0.051
-0.111  0.177  0.944  0.077
-0.089  0.177  0.939  0.098
-0.067  0.177  0.934  0.098
-0.045  0.177  0.929  0.093
-0.023  0.177  0.924  0.081
-0.001  0.177  0.919  0.067
 0.021  0.177  0.914  0.055
 0.043  0.177  0.909  0.026
 0.065  0.177  0.905  0.022
 0.087  0.177  0.900  0.028
-0.594  0.199  1.052  0.014
-0.572  0.199  1.048  0.030
-0.550  0.199  1.043  0.043
-0.528  0.199  1.038  0.082
-0.506  0.199  1.033  0.111
-0.484  0.199  1.028  0.158
-0.462  0.199  1.023  0.230
-0.440  0.199  1.018  0.205
-0.419  0.199  1.013  0.194
-0.397  0.199  1.008  0.155
-0.375  0.199  1.003  0.100
-0.353  0.199  0.998  0.077
-0.331  0.199  0.993  0.058
-0.309  0.199  0.988  0.072
-0.287  0.199  0.983  0.067
-0.265  0.199  0.978  0.041
-0.243  0.199  0.974  0.028
-0.221  0.199  0.969  0.024
-0.199  0.199  0.964  0.043
-0.177  0.199  0.959  0.037
-0.155  0.199  0.954  0.036
-0.133  0.199  0.949  0.048
-0.111  0.199  0.944  0.069
-0.089  0.199  0.939  0.081
-0.067  0.199  0.934  0.084
-0.045  0.199  0.929  0.074
-0.023  0.199  0.924  0.073
-0.001  0.199  0.919  0.076
 0.021  0.199  0.914  0.058
 0.043  0.199  0.909  0.035
 0.065  0.199  0.905  0.022
 0.087  0.199  0.900  0.017
-0.594  0.222  1.052  0.014
-0.572  0.222  1.048  0.024
-0.550  0.222  1.043  0.033
-0.528  0.222  1.038  0.054
-0.506  0.222  1.033  0.070
-0.484  0.222  1.028  0.115
-0.462  0.222  1.023  0.148
-0.440  0.222  1.018  0.132
-0.419  0.222  1.013  0.117
-0.397  0.222  1.008  0.086
-0.375  0.222  1.003  0.063
-0.353  0.222  0.998  0.048
-0.331  0.222  0.993  0.043
-0.309  0.222  0.988  0.059
-0.287  0.222  0.983  0.077
-0.265  0.222  0.978  0.056
-0.243  0.222  0.974  0.045
-0.221  0.222  0.969  0.024
-0.199  0.222  0.964  0.040
-0.177  0.222  0.959  0.033
-0.155  0.222  0.954  0.031
-0.133  0.222  0.949  0.044
-0.111  0.222  0.944  0.059
-0.089  0.222  0.939  0.064
-0.067  0.222  0.934  0.064
-0.045  0.222  0.929  0.060
-0.023  0.222  0.924  0.067
-0.001  0.222  0.919  0.073
 0.021  0.222  0.914  0.058
 0.043  0.222  0.909  0.040
 0.065  0.222  0.905  0.016
 0.087  0.222  0.900  0.010
-0.594  0.244  1.052  0.014
-0.572  0.244  1.048  0.020
-0.550  0.244  1.043  0.026
-0.528  0.244  1.038  0.037
-0.506  0.244  1.033  0.055
-0.484  0.244  1.028  0.080
-0.462  0.244  1.023  0.083
-0.440  0.244  1.018  0.089
-0.419  0.244  1.013  0.075
-0.397  0.244  1.008  0.047
-0.375  0.244  1.003  0.043
-0.353  0.244  0.998  0.034
-0.331  0.244  0.993  0.046
-0.309  0.244  0.988  0.053
-0.287  0.244  0.983  0.083
-0.265  0.244  0.978  0.056
-0.243  0.244  0.974  0.045
-0.221  0.244  0.969  0.031
-0.199  0.244  0.964  0.045
-0.177  0.244  0.959  0.043
-0.155  0.244  0.954  0.037
-0.133  0.244  0.949  0.045
-0.111  0.244  0.944  0.045
-0.089  0.244  0.939  0.050
-0.067  0.244  0.934  0.061
-0.045  0.244  0.929  0.054
-0.023  0.244  0.924  0.066
-0.001  0.244  0.919  0.072
 0.021  0.244  0.914  0.058
 0.043  0.244  0.909  0.030
 0.065  0.244  0.905  0.016
 0.087  0.244  0.900  0.008
-0.594  0.267  1.052  0.013
-0.572  0.267  1.048  0.015
-0.550  0.267  1.043  0.018
-0.528  0.267  1.038  0.029
-0.506  0.267  1.033  0.044
-0.484  0.267  1.028  0.069
-0.462  0.267  1.023  0.068
-0.440  0.267  1.018  0.060
-0.419  0.267  1.013  0.048
-0.397  0.267  1.008  0.045
-0.375  0.267  1.003  0.036
-0.353  0.267  0.998  0.021
-0.331  0.267  0.993  0.038
-0.309  0.267  0.988  0.045
-0.287  0.267  0.983  0.081
-0.265  0.267  0.978  0.065
-0.243  0.267  0.974  0.049
-0.221  0.267  0.969  0.039
-0.199  0.267  0.964  0.046
-0.177  0.267  0.959  0.055
-0.155  0.267  0.954  0.052
-0.133  0.267  0.949  0.051
-0.111  0.267  0.944  0.039
-0.089  0.267  0.939  0.046
-0.067  0.267  0.934  0.046
-0.045  0.267  0.929  0.046
-0.023  0.267  0.924  0.056
-0.001  0.267  0.919  0.062
 0.021  0.267  0.914  0.045
 0.043  0.267  0.909  0.027
 0.065  0.267  0.905  0.015
 0.087  0.267  0.900  0.005
-0.594  0.289  1.052  0.014
-0.572  0.289  1.048  0.010
-0.550  0.289  1.043  0.017
-0.528  0.289  1.038  0.023
-0.506  0.289  1.033  0.030
-0.484  0.289  1.028  0.056
-0.462  0.289  1.023  0.059
-0.440  0.289  1.018  0.056
-0.419  0.289  1.013  0.049
-0.397  0.289  1.008  0.048
-0.375  0.289  1.003  0.036
-0.353  0.289  0.998  0.022
-0.331  0.289  0.993  0.033
-0.309  0.289  0.988  0.040
-0.287  0.289  0.983  0.073
-0.265  0.289  0.978  0.076
-0.243  0.289  0.974  0.058
-0.221  0.289  0.969  0.045
-0.199  0.289  0.964  0.056
-0.177  0.289  0.959  0.065
-0.155  0.289  0.954  0.051
-0.133  0.289  0.949  0.048
-0.111  0.289  0.944  0.039
-0.089  0.289  0.939  0.039
-0.067  0.289  0.934  0.038
-0.045  0.289  0.929  0.040
-0.023  0.289  0.924  0.051
-0.001  0.289  0.919  0.048
 0.021  0.289  0.914  0.033
 0.043  0.289  0.909  0.021
 0.065  0.289  0.905  0.012
 0.087  0.289  0.900  0.005
-0.594  0.312  1.052  0.012
-0.572  0.312  1.048  0.008
-0.550  0.312  1.043  0.016
-0.528  0.312  1.038  0.022
-0.506  0.312  1.033  0.025
-0.484  0.312  1.028  0.041
-0.462  0.312  1.023  0.045
-0.440  0.312  1.018  0.041
-0.419  0.312  1.013  0.048
-0.397  0.312  1.008  0.049
-0.375  0.312  1.003  0.035
-0.353  0.312  0.998  0.026
-0.331  0.312  0.993  0.020
-0.309  0.312  0.988  0.034
-0.287  0.312  0.983  0.068
-0.265  0.312  0.978  0.094
-0.243  0.312  0.974  0.090
-0.221  0.312  0.969  0.061
-0.199  0.312  0.964  0.064
-0.177  0.312  0.959  0.061
-0.155  0.312  0.954  0.047
-0.133  0.312  0.949  0.051
-0.111  0.312  0.944  0.042
-0.089  0.312  0.939  0.042
-0.067  0.312  0.934  0.039
-0.045  0.312  0.929  0.038
-0.023  0.312  0.924  0.048
-0.001  0.312  0.919  0.044
 0.021  0.312  0.914  0.027
 0.043  0.312  0.909  0.017
 0.065  0.312  0.905  0.010
 0.087  0.312  0.900  0.009
-0.594  0.335  1.052  0.010
-0.572  0.335  1.048  0.009
-0.550  0.335  1.043  0.015
-0.528  0.335  1.038  0.022
-0.506  0.335  1.033  0.028
-0.484  0.335  1.028  0.030
-0.462  0.335  1.023  0.030
-0.440  0.335  1.018  0.036
-0.419  0.335  1.013  0.042
-0.397  0.335  1.008  0.033
-0.375  0.335  1.003  0.035
-0.353  0.335  0.998  0.030
-0.331  0.335  0.993  0.024
-0.309  0.335  0.988  0.028
-0.287  0.335  0.983  0.057
-0.265  0.335  0.978  0.109
-0.243  0.335  0.974  0.108
-0.221  0.335  0.969  0.083
-0.199  0.335  0.964  0.084
-0.177  0.335  0.959  0.066
-0.155  0.335  0.954  0.049
-0.133  0.335  0.949  0.042
-0.111  0.335  0.944  0.045
-0.089  0.335  0.939  0.041
-0.067  0.335  0.934  0.040
-0.045  0.335  0.929  0.041
-0.023  0.335  0.924  0.039
-0.001  0.335  0.919  0.032
 0.021  0.335  0.914  0.025
 0.043  0.335  0.909  0.010
 0.065  0.335  0.905  0.010
 0.087  0.335  0.900  0.010
-0.594  0.357  1.052  0.012
-0.572  0.357  1.048  0.008
-0.550  0.357  1.043  0.008
-0.528  0.357  1.038  0.018
-0.506  0.357  1.033  0.021
-0.484  0.357  1.028  0.020
-0.462  0.357  1.023  0.027
-0.440  0.357  1.018  0.030
-0.419  0.357  1.013  0.027
-0.397  0.357  1.008  0.031
-0.375  0.357  1.003  0.035
-0.353  0.357  0.998  0.033
-0.331  0.357  0.993  0.025
-0.309  0.357  0.988  0.031
-0.287  0.357  0.983  0.055
-0.265  0.357  0.978  0.086
-0.243  0.357  0.974  0.109
-0.221  0.357  0.969  0.110
-0.199  0.357  0.964  0.096
-0.177  0.357  0.959  0.057
-0.155  0.357  0.954  0.033
-0.133  0.357  0.949  0.034
-0.111  0.357  0.944  0.036
-0.089  0.357  0.939  0.045
-0.067  0.357  0.934  0.036
-0.045  0.357  0.929  0.032
-0.023  0.357  0.924  0.031
-0.001  0.357  0.919  0.020
 0.021  0.357  0.914  0.014
 0.043  0.357  0.909  0.008
 0.065  0.357  0.905  0.005
 0.087  0.357  0.900  0.010
-0.594  0.380  1.052  0.013
-0.572  0.380  1.048  0.011
-0.550  0.380  1.043  0.008
-0.528  0.380  1.038  0.015
-0.506  0.380  1.033  0.016
-0.484  0.380  1.028  0.013
-0.462  0.380  1.023  0.025
-0.440  0.380  1.018  0.028
-0.419  0.380  1.013  0.020
-0.397  0.380  1.008  0.019
-0.375  0.380  1.003  0.034
-0.353  0.380  0.998  0.036
-0.331  0.380  0.993  0.036
-0.309  0.380  0.988  0.039
-0.287  0.380  0.983  0.047
-0.265  0.380  0.978  0.082
-0.243  0.380  0.974  0.101
-0.221  0.380  0.969  0.112
-0.199  0.380  0.964  0.090
-0.177  0.380  0.959  0.050
-0.155  0.380  0.954  0.021
-0.133  0.380  0.949  0.031
-0.111  0.380  0.944  0.038
-0.089  0.380  0.939  0.030
-0.067  0.380  0.934  0.034
-0.045  0.380  0.929  0.028
-0.023  0.380  0.924  0.025
-0.001  0.380  0.919  0.017
 0.021  0.380  0.914  0.012
 0.043  0.380  0.909  0.008
 0.065  0.380  0.905  0.005
 0.087  0.380  0.900  0.004
-0.594  0.402  1.052  0.011
-0.572  0.402  1.048  0.012
-0.550  0.402  1.043  0.009
-0.528  0.402  1.038  0.014
-0.506  0.402  1.033  0.016
-0.484  0.402  1.028  0.011
-0.462  0.402  1.023  0.020
-0.440  0.402  1.018  0.025
-0.419  0.402  1.013  0.014
-0.397  0.402  1.008  0.016
-0.375  0.402  1.003  0.028
-0.353  0.402  0.998  0.039
-0.331  0.402  0.993  0.035
-0.309  0.402  0.988  0.038
-0.287  0.402  0.983  0.042
-0.265  0.402  0.978  0.059
-0.243  0.402  0.974  0.082
-0.221  0.402  0.969  0.094
-0.199  0.402  0.964  0.065
-0.177  0.402  0.959  0.025
-0.155  0.402  0.954  0.018
-0.133  0.402  0.949  0.026
-0.111  0.402  0.944  0.033
-0.089  0.402  0.939  0.031
-0.067  0.402  0.934  0.032
-0.045  0.402  0.929  0.031
-0.023  0.402  0.924  0.020
-0.001  0.402  0.919  0.014
 0.021  0.402  0.914  0.012
 0.043  0.402  0.909  0.009
 0.065  0.402  0.905  0.007
 0.087  0.402  0.900 -0.001
-0.594  0.425  1.052  0.011
-0.572  0.425  1.048  0.010
-0.550  0.425  1.043  0.012
-0.528  0.425  1.038  0.011
-0.506  0.425  1.033  0.014
-0.484  0.425  1.028  0.017
-0.462  0.425  1.023  0.018
-0.440  0.425  1.018  0.016
-0.419  0.425  1.013  0.005
-0.397  0.425  1.008  0.005
-0.375  0.425  1.003  0.016
-0.353  0.425  0.998  0.023
-0.331  0.425  0.993  0.044
-0.309  0.425  0.988  0.044
-0.287  0.425  0.983  0.033
-0.265  0.425  0.978  0.038
-0.243  0.425  0.974  0.050
-0.221  0.425  0.969  0.062
-0.199  0.425  0.964  0.029
-0.177  0.425  0.959  0.016
-0.155  0.425  0.954  0.013
-0.133  0.425  0.949  0.017
-0.111  0.425  0.944  0.029
-0.089  0.425  0.939  0.031
-0.067  0.425  0.934  0.030
-0.045  0.425  0.929  0.027
-0.023  0.425  0.924  0.018
-0.001  0.425  0.919  0.013
 0.021  0.425  0.914  0.009
 0.043  0.425  0.909  0.008
 0.065  0.425  0.905  0.006
 0.087  0.425  0.900 -0.001
